   1.3200000e-01   1.1600000e-01   7.4000000e-02   4.6000000e-02   3.8000000e-02   3.2000000e-02   1.6000000e-02   1.0000000e-02   1.2000000e-02
   1.3400000e-01   9.4000000e-02   7.4000000e-02   5.8000000e-02   4.2000000e-02   3.4000000e-02   3.4000000e-02   1.8000000e-02   2.2000000e-02
   1.1600000e-01   1.0400000e-01   6.8000000e-02   5.4000000e-02   3.2000000e-02   3.6000000e-02   1.2000000e-02   1.8000000e-02   2.0000000e-02
   9.4000000e-02   1.1200000e-01   5.4000000e-02   5.2000000e-02   3.2000000e-02   3.0000000e-02   2.4000000e-02   1.4000000e-02   1.2000000e-02
   1.4400000e-01   1.0600000e-01   8.0000000e-02   5.8000000e-02   4.0000000e-02   3.6000000e-02   3.8000000e-02   2.6000000e-02   1.6000000e-02
   1.3800000e-01   1.0400000e-01   8.6000000e-02   6.6000000e-02   3.6000000e-02   3.2000000e-02   3.4000000e-02   2.4000000e-02   1.6000000e-02
   1.3600000e-01   9.4000000e-02   8.0000000e-02   5.2000000e-02   5.4000000e-02   3.6000000e-02   2.8000000e-02   1.2000000e-02   1.6000000e-02
   1.5600000e-01   1.0800000e-01   9.8000000e-02   7.4000000e-02   4.2000000e-02   3.6000000e-02   3.4000000e-02   1.8000000e-02   1.6000000e-02
   1.1600000e-01   1.0800000e-01   9.2000000e-02   7.6000000e-02   4.8000000e-02   4.0000000e-02   1.4000000e-02   1.8000000e-02   2.2000000e-02
   1.6600000e-01   1.2200000e-01   1.3000000e-01   9.4000000e-02   4.8000000e-02   6.8000000e-02   4.4000000e-02   4.0000000e-02   2.4000000e-02
